0.Color: Black
0 1
0.01 1
0.02 1
0.029999999999999999 1
0.040000000000000001 1
0.050000000000000003 1
0.060000000000000005 1
0.070000000000000007 1
0.080000000000000002 1
0.089999999999999997 1
0.099999999999999992 1
0.10999999999999999 1
0.11999999999999998 2
0.12999999999999998 2
0.13999999999999999 2
0.14999999999999999 2
0.16 2
0.17000000000000001 2
0.18000000000000002 2
0.19000000000000003 2
0.20000000000000004 2
0.21000000000000005 2
0.22000000000000006 2
0.23000000000000007 2
0.24000000000000007 4
0.25000000000000006 4
0.26000000000000006 4
0.27000000000000007 4
0.28000000000000008 4
0.29000000000000009 4
0.3000000000000001 4
0.31000000000000011 4
0.32000000000000012 4
0.33000000000000013 4
0.34000000000000014 4
0.35000000000000014 6
0.36000000000000015 8
0.37000000000000016 8
0.38000000000000017 8
0.39000000000000018 8
0.40000000000000019 8
0.4100000000000002 8
0.42000000000000021 8
0.43000000000000022 8
0.44000000000000022 8
0.45000000000000023 8
0.46000000000000024 8
0.47000000000000025 12
0.48000000000000026 16
0.49000000000000027 16
0.50000000000000022 16
0.51000000000000023 16
0.52000000000000024 16
0.53000000000000025 16
0.54000000000000026 16
0.55000000000000027 16
0.56000000000000028 16
0.57000000000000028 16
0.58000000000000029 16
0.5900000000000003 24
0.60000000000000031 31
0.61000000000000032 32
0.62000000000000033 32
0.63000000000000034 32
0.64000000000000035 32
0.65000000000000036 32
0.66000000000000036 32
0.67000000000000037 32
0.68000000000000038 32
0.69000000000000039 32
0.7000000000000004 32
0.71000000000000041 32
0.72000000000000042 32
0.73000000000000043 32
0.74000000000000044 32
0.75000000000000044 16
0.76000000000000045 16
0.77000000000000046 16
0.78000000000000047 16
0.79000000000000048 16
0.80000000000000049 16
0.8100000000000005 16
0.82000000000000051 16
0.83000000000000052 16
0.84000000000000052 16
0.85000000000000053 16
0.86000000000000054 16
0.87000000000000055 16
0.88000000000000056 16
0.89000000000000057 16
0.90000000000000058 16
0.91000000000000059 16
0.9200000000000006 16
0.9300000000000006 16
0.94000000000000061 16
0.95000000000000062 16
0.96000000000000063 1
0.97000000000000064 1
0.98000000000000065 1
0.99000000000000066 1
1.0000000000000007 1
1.0100000000000007 1
1.0200000000000007 1
1.0300000000000007 1
1.0400000000000007 1
1.0500000000000007 1
1.0600000000000007 1
1.0700000000000007 2
1.0800000000000007 2
1.0900000000000007 2
1.1000000000000008 2
1.1100000000000008 2
1.1200000000000008 2
1.1300000000000008 2
1.1400000000000008 2
1.1500000000000008 2
1.1600000000000008 2
1.1700000000000008 2
1.1800000000000008 2
1.1900000000000008 3
1.2000000000000008 3
1.2100000000000009 3
1.2200000000000009 3
1.2300000000000009 3
1.2400000000000009 3
1.2500000000000009 3
1.2600000000000009 3
1.2700000000000009 3
1.2800000000000009 3
1.2900000000000009 3
1.3000000000000009 3
1.3100000000000009 5
1.320000000000001 5
1.330000000000001 5
1.340000000000001 5
1.350000000000001 5
1.360000000000001 5
1.370000000000001 5
1.380000000000001 5
1.390000000000001 5
1.400000000000001 5
1.410000000000001 5
1.420000000000001 8
1.430000000000001 8
1.4400000000000011 8
1.4500000000000011 8
1.4600000000000011 8
1.4700000000000011 8
1.4800000000000011 8
1.4900000000000011 8
1.5000000000000011 8
1.5100000000000011 8
1.5200000000000011 8
1.5300000000000011 8
1.5400000000000011 8.4888
1.5500000000000012 8.4888
1.5600000000000012 8.4888
1.5700000000000012 8.4888
1.5800000000000012 8.4888
1.5900000000000012 8.4888
1.6000000000000012 8.4888
1.6100000000000012 8.4888
1.6200000000000012 8.4888
1.6300000000000012 8.4888
1.6400000000000012 8.4888
1.6500000000000012 8.72279
1.6600000000000013 9.28168
1.6700000000000013 9.28168
1.6800000000000013 9.28168
1.6900000000000013 9.28168
1.7000000000000013 9.28168
1.7100000000000013 9.28168
1.7200000000000013 9.28168
1.7300000000000013 9.28168
1.7400000000000013 9.28168
1.7500000000000013 9.28168
1.7600000000000013 9.28168
1.7700000000000014 10.2101
1.7800000000000014 10.2101
1.7900000000000014 10.2101
1.8000000000000014 10.2101
1.8100000000000014 10.2101
1.8200000000000014 10.2101
1.8300000000000014 10.2101
1.8400000000000014 10.2101
1.8500000000000014 10.2101
1.8600000000000014 10.2101
1.8700000000000014 10.2101
1.8800000000000014 10.2101
1.8900000000000015 11.1505
1.9000000000000015 11.1505
1.9100000000000015 11.1505
1.9200000000000015 11.1505
1.9300000000000015 11.1505
1.9400000000000015 11.1505
1.9500000000000015 11.1505
1.9600000000000015 11.1505
1.9700000000000015 11.1505
1.9800000000000015 11.1505
1.9900000000000015 11.1505
2.0000000000000013 11.1505
2.0100000000000011 12.1002
2.0200000000000009 12.1002
2.0300000000000007 12.1002
2.0400000000000005 12.1002
2.0500000000000003 12.1002
2.0600000000000001 12.1002
2.0699999999999998 12.1002
2.0799999999999996 12.1002
2.0899999999999994 12.1002
2.0999999999999992 12.1002
2.109999999999999 12.1002
2.1199999999999988 12.1002
2.1299999999999986 12.9027
2.1399999999999983 13.0573
2.1499999999999981 13.0573
2.1599999999999979 13.0573
2.1699999999999977 13.0573
2.1799999999999975 13.0573
2.1899999999999973 13.0573
2.1999999999999971 13.0573
2.2099999999999969 13.0573
2.2199999999999966 13.0573
2.2299999999999964 13.0573
2.2399999999999962 13.0573
2.249999999999996 13.1339
2.2599999999999958 14.0201
2.2699999999999956 14.0201
2.2799999999999954 14.0201
2.2899999999999952 14.0201
2.2999999999999949 14.0201
2.3099999999999947 14.0201
2.3199999999999945 14.0201
2.3299999999999943 14.0201
2.3399999999999941 14.0201
2.3499999999999939 14.0201
2.3599999999999937 14.0201
2.3699999999999934 14.0201
2.3799999999999932 14.0201
2.389999999999993 14.7178
2.3999999999999928 14.9877
2.4099999999999926 14.9877
2.4199999999999924 14.9877
2.4299999999999922 14.9877
2.439999999999992 14.9877
2.4499999999999917 14.9877
2.4599999999999915 14.9877
2.4699999999999913 14.9877
2.4799999999999911 14.9877
2.4899999999999909 14.9877
2.4999999999999907 14.9877
2.5099999999999905 14.9877
2.5199999999999902 14.9877
2.52999999999999 14.9877
2.5399999999999898 15.8962
2.5499999999999896 15.8962
2.5599999999999894 15.8962
2.5699999999999892 15.8962
2.579999999999989 15.8962
2.5899999999999888 15.8962
2.5999999999999885 15.8962
2.6099999999999883 15.8962
2.6199999999999881 15.8962
2.6299999999999879 15.8962
2.6399999999999877 15.8962
2.6499999999999875 15.8962
2.6599999999999873 15.8962
2.6699999999999871 15.8962
2.6799999999999868 8.0421
2.6899999999999866 8.0421
2.6999999999999864 8.0421
2.7099999999999862 8.0421
2.719999999999986 8.0421
2.7299999999999858 8.0421
2.7399999999999856 8.0421
2.7499999999999853 8.0421
2.7599999999999851 8.0421
2.7699999999999849 8.0421
2.7799999999999847 8.0421
2.7899999999999845 8.0421
2.7999999999999843 8.0421
2.8099999999999841 8.16644
2.8199999999999839 8.16644
2.8299999999999836 8.16644
2.8399999999999834 8.16644
2.8499999999999832 8.16644
2.859999999999983 8.16644
2.8699999999999828 8.16644
2.8799999999999826 8.16644
2.8899999999999824 8.16644
2.8999999999999821 8.16644
2.9099999999999819 8.16644
2.9199999999999817 8.16644
2.9299999999999815 8.16644
2.9399999999999813 8.16644
2.9499999999999811 8.16644
2.9599999999999809 8.16644
2.9699999999999807 8.16644
2.9799999999999804 8.16644
2.9899999999999802 8.16644
2.99999999999998 8.16644
3.0099999999999798 1
3.0199999999999796 1
3.0299999999999794 1
3.0399999999999792 1
3.049999999999979 1
3.0599999999999787 1
3.0699999999999785 1
3.0799999999999783 1
3.0899999999999781 1
3.0999999999999779 1
3.1099999999999777 1
3.1199999999999775 2
3.1299999999999772 2
3.139999999999977 2
3.1499999999999768 2
3.1599999999999766 2
3.1699999999999764 2
3.1799999999999762 2
3.189999999999976 2
3.1999999999999758 2
3.2099999999999755 2
3.2199999999999753 2
3.2299999999999751 2
3.2399999999999749 4
3.2499999999999747 4
3.2599999999999745 4
3.2699999999999743 4
3.279999999999974 4
3.2899999999999738 4
3.2999999999999736 4
3.3099999999999734 4
3.3199999999999732 4
3.329999999999973 4
3.3399999999999728 4
3.3499999999999726 4.92064
3.3599999999999723 4.92064
3.3699999999999721 4.92064
3.3799999999999719 4.92064
3.3899999999999717 4.92064
3.3999999999999715 4.92064
3.4099999999999713 4.92064
3.4199999999999711 4.92064
3.4299999999999708 4.92064
3.4399999999999706 4.92064
3.4499999999999704 4.92064
3.4599999999999702 4.92064
3.46999999999997 5.68862
3.4799999999999698 5.68862
3.4899999999999696 5.68862
3.4999999999999694 5.68862
3.5099999999999691 5.68862
3.5199999999999689 5.68862
3.5299999999999687 5.68862
3.5399999999999685 5.68862
3.5499999999999683 5.68862
3.5599999999999681 5.68862
3.5699999999999679 5.68862
3.5799999999999677 5.68862
3.5899999999999674 6.51909
3.5999999999999672 6.51909
3.609999999999967 6.51909
3.6199999999999668 6.51909
3.6299999999999666 6.51909
3.6399999999999664 6.51909
3.6499999999999662 6.51909
3.6599999999999659 6.51909
3.6699999999999657 6.51909
3.6799999999999655 6.51909
3.6899999999999653 6.51909
3.6999999999999651 6.51909
3.7099999999999649 7.3909
3.7199999999999647 7.3909
3.7299999999999645 7.3909
3.7399999999999642 7.3909
3.749999999999964 7.3909
3.7599999999999638 7.3909
3.7699999999999636 7.3909
3.7799999999999634 7.3909
3.7899999999999632 7.3909
3.799999999999963 7.3909
3.8099999999999627 7.3909
3.8199999999999625 7.3909
3.8299999999999623 8.29104
3.8399999999999621 8.29104
3.8499999999999619 8.29104
3.8599999999999617 8.29104
3.8699999999999615 8.29104
3.8799999999999613 8.29104
3.889999999999961 8.29104
3.8999999999999608 8.29104
3.9099999999999606 8.29104
3.9199999999999604 8.29104
3.9299999999999602 8.29104
3.93999999999996 8.29104
3.9499999999999598 8.29104
3.9599999999999596 9.21125
3.9699999999999593 9.21125
3.9799999999999591 9.21125
3.9899999999999589 9.21125
3.9999999999999587 9.21125
4.0099999999999589 9.21125
4.0199999999999587 9.21125
4.0299999999999585 9.21125
4.0399999999999583 9.21125
4.0499999999999581 9.21125
4.0599999999999579 9.21125
4.0699999999999577 9.21125
4.0799999999999574 9.21125
4.0899999999999572 9.21125
4.099999999999957 9.84449
4.1099999999999568 10.1462
4.1199999999999566 10.1462
4.1299999999999564 10.1462
4.1399999999999562 10.1462
4.1499999999999559 10.1462
4.1599999999999557 10.1462
4.1699999999999555 10.1462
4.1799999999999553 10.1462
4.1899999999999551 10.1462
4.1999999999999549 10.1462
4.2099999999999547 10.1462
4.2199999999999545 10.1462
4.2299999999999542 10.1462
4.239999999999954 10.1462
4.2499999999999538 10.9095
4.2599999999999536 10.9095
4.2699999999999534 10.9095
4.2799999999999532 10.9095
4.289999999999953 10.9095
4.2999999999999527 10.9095
4.3099999999999525 10.9095
4.3199999999999523 10.9095
4.3299999999999521 10.9095
4.3399999999999519 10.9095
4.3499999999999517 10.9095
4.3599999999999515 10.9095
4.3699999999999513 10.9095
4.379999999999951 5.45475
4.3899999999999508 5.45475
4.3999999999999506 5.45475
4.4099999999999504 5.45475
4.4199999999999502 5.45475
4.42999999999995 5.45475
4.4399999999999498 5.45475
4.4499999999999496 5.45475
4.4599999999999493 5.45475
4.4699999999999491 5.45475
4.4799999999999489 5.45475
4.4899999999999487 5.45475
4.4999999999999485 5.63808
4.5099999999999483 5.63808
4.5199999999999481 5.63808
4.5299999999999478 5.63808
4.5399999999999476 5.63808
4.5499999999999474 5.63808
4.5599999999999472 5.63808
4.569999999999947 5.63808
4.5799999999999468 5.63808
4.5899999999999466 5.63808
4.5999999999999464 5.63808
4.6099999999999461 5.63808
4.6199999999999459 5.63808
4.6299999999999457 5.63808
4.6399999999999455 5.63808
4.6499999999999453 5.63808
4.6599999999999451 5.63808
4.6699999999999449 5.63808
4.6799999999999446 5.63808
4.6899999999999444 5.63808
4.6999999999999442 1
4.709999999999944 1
4.7199999999999438 1
4.7299999999999436 1
4.7399999999999434 1
4.7499999999999432 1
4.7599999999999429 1
4.7699999999999427 1
4.7799999999999425 1
4.7899999999999423 1
4.7999999999999421 1
4.8099999999999419 1
4.8199999999999417 2
4.8299999999999415 2
4.8399999999999412 2
4.849999999999941 2
4.8599999999999408 2
4.8699999999999406 2
4.8799999999999404 2
4.8899999999999402 2
4.89999999999994 2
4.9099999999999397 2
4.9199999999999395 2
4.9299999999999393 2.9
4.9399999999999391 2.9
4.9499999999999389 2.9
4.9599999999999387 2.9
4.9699999999999385 2.9
4.9799999999999383 2.9
4.989999999999938 2.9
4.9999999999999378 2.9
5.0099999999999376 2.9
5.0199999999999374 2.9
5.0299999999999372 2.9
5.039999999999937 2.9
5.0499999999999368 3.55301
5.0599999999999365 3.55301
5.0699999999999363 3.55301
5.0799999999999361 3.55301
5.0899999999999359 3.55301
5.0999999999999357 3.55301
5.1099999999999355 3.55301
5.1199999999999353 3.55301
5.1299999999999351 3.55301
5.1399999999999348 3.55301
5.1499999999999346 3.55301
5.1599999999999344 3.55301
5.1699999999999342 4.33944
5.179999999999934 4.33944
5.1899999999999338 4.33944
5.1999999999999336 4.33944
5.2099999999999334 4.33944
5.2199999999999331 4.33944
5.2299999999999329 4.33944
5.2399999999999327 4.33944
5.2499999999999325 4.33944
5.2599999999999323 4.33944
5.2699999999999321 4.33944
5.2799999999999319 5.19763
5.2899999999999316 5.19763
5.2999999999999314 5.19763
5.3099999999999312 5.19763
5.319999999999931 5.19763
5.3299999999999308 5.19763
5.3399999999999306 5.19763
5.3499999999999304 5.19763
5.3599999999999302 5.19763
5.3699999999999299 5.19763
5.3799999999999297 5.19763
5.3899999999999295 5.19763
5.3999999999999293 6.09735
5.4099999999999291 6.09735
5.4199999999999289 6.09735
5.4299999999999287 6.09735
5.4399999999999284 6.09735
5.4499999999999282 6.09735
5.459999999999928 6.09735
5.4699999999999278 6.09735
5.4799999999999276 6.09735
5.4899999999999274 6.09735
5.4999999999999272 6.09735
5.509999999999927 6.5768
5.5199999999999267 7.02286
5.5299999999999265 7.02286
5.5399999999999263 7.02286
5.5499999999999261 7.02286
5.5599999999999259 7.02286
5.5699999999999257 7.02286
5.5799999999999255 7.02286
5.5899999999999253 7.02286
5.599999999999925 7.02286
5.6099999999999248 7.02286
5.6199999999999246 7.02286
5.6299999999999244 7.02286
5.6399999999999242 7.96541
5.649999999999924 7.96541
5.6599999999999238 7.96541
5.6699999999999235 7.96541
5.6799999999999233 7.96541
5.6899999999999231 7.96541
5.6999999999999229 7.96541
5.7099999999999227 7.96541
5.7199999999999225 7.96541
5.7299999999999223 7.96541
5.7399999999999221 7.96541
5.7499999999999218 7.96541
5.7599999999999216 7.96541
5.7699999999999214 8.09095
5.7799999999999212 8.80618
5.789999999999921 8.80618
5.7999999999999208 8.80618
5.8099999999999206 8.80618
5.8199999999999203 8.80618
5.8299999999999201 8.80618
5.8399999999999199 8.80618
5.8499999999999197 8.80618
5.8599999999999195 8.80618
5.8699999999999193 8.80618
5.8799999999999191 8.80618
5.8899999999999189 8.80618
5.8999999999999186 8.80618
5.9099999999999184 8.80618
5.9199999999999182 9.67696
5.929999999999918 9.67696
5.9399999999999178 9.67696
5.9499999999999176 9.67696
5.9599999999999174 9.67696
5.9699999999999172 9.67696
5.9799999999999169 9.67696
5.9899999999999167 9.67696
5.9999999999999165 9.67696
6.0099999999999163 9.67696
6.0199999999999161 9.67696
6.0299999999999159 9.67696
6.0399999999999157 9.67696
6.0499999999999154 9.67696
6.0599999999999152 9.67696
6.069999999999915 10.2813
6.0799999999999148 10.2813
6.0899999999999146 10.2813
6.0999999999999144 10.2813
6.1099999999999142 10.2813
6.119999999999914 10.2813
6.1299999999999137 10.2813
6.1399999999999135 10.2813
6.1499999999999133 10.2813
6.1599999999999131 10.2813
6.1699999999999129 10.2813
6.1799999999999127 5.14064
6.1899999999999125 5.14064
6.1999999999999122 5.14064
6.209999999999912 5.14064
6.2199999999999118 5.14064
6.2299999999999116 5.14064
6.2399999999999114 5.14064
6.2499999999999112 5.14064
6.259999999999911 5.14064
6.2699999999999108 5.14064
6.2799999999999105 5.14064
6.2899999999999103 5.14064
6.2999999999999101 6.0491
6.3099999999999099 6.0491
6.3199999999999097 6.0491
6.3299999999999095 6.0491
6.3399999999999093 6.0491
6.3499999999999091 6.0491
6.3599999999999088 6.0491
6.3699999999999086 6.0491
6.3799999999999084 6.0491
6.3899999999999082 6.0491
6.399999999999908 6.0491
6.4099999999999078 6.0491
6.4199999999999076 6.98116
6.4299999999999073 6.98116
6.4399999999999071 6.98116
6.4499999999999069 6.98116
6.4599999999999067 6.98116
6.4699999999999065 6.98116
6.4799999999999063 6.98116
6.4899999999999061 6.98116
6.4999999999999059 6.98116
6.5099999999999056 6.98116
6.5199999999999054 6.98116
6.5299999999999052 7.67018
6.539999999999905 7.80055
6.5499999999999048 7.80055
6.5599999999999046 7.80055
6.5699999999999044 7.80055
6.5799999999999041 7.80055
6.5899999999999039 7.80055
6.5999999999999037 7.80055
6.6099999999999035 7.80055
6.6199999999999033 7.80055
6.6299999999999031 7.80055
6.6399999999999029 7.80055
6.6499999999999027 8.65758
6.6599999999999024 8.65758
6.6699999999999022 8.65758
6.679999999999902 8.65758
6.6899999999999018 8.65758
6.6999999999999016 8.65758
6.7099999999999014 8.65758
6.7199999999999012 8.65758
6.729999999999901 8.65758
6.7399999999999007 8.65758
6.7499999999999005 8.65758
6.7599999999999003 9.11071
6.7699999999999001 9.54209
6.7799999999998999 9.54209
6.7899999999998997 9.54209
6.7999999999998995 9.54209
6.8099999999998992 9.54209
6.819999999999899 9.54209
6.8299999999998988 9.54209
6.8399999999998986 9.54209
6.8499999999998984 9.54209
6.8599999999998982 9.54209
6.869999999999898 9.54209
6.8799999999998978 10.4471
6.8899999999998975 10.4471
6.8999999999998973 10.4471
6.9099999999998971 10.4471
6.9199999999998969 10.4471
6.9299999999998967 10.4471
6.9399999999998965 10.4471
6.9499999999998963 10.4471
6.959999999999896 10.4471
6.9699999999998958 10.4471
6.9799999999998956 10.4471
6.9899999999998954 10.4471
6.9999999999998952 11.3678
7.009999999999895 11.3678
7.0199999999998948 11.3678
7.0299999999998946 11.3678
7.0399999999998943 11.3678
7.0499999999998941 11.3678
7.0599999999998939 11.3678
7.0699999999998937 11.3678
7.0799999999998935 11.3678
7.0899999999998933 11.3678
7.0999999999998931 11.3678
7.1099999999998929 11.3678
7.1199999999998926 12.3007
7.1299999999998924 12.3007
7.1399999999998922 12.3007
7.149999999999892 12.3007
7.1599999999998918 12.3007
7.1699999999998916 12.3007
7.1799999999998914 12.3007
7.1899999999998911 12.3007
7.1999999999998909 12.3007
7.2099999999998907 12.3007
7.2199999999998905 12.3007
7.2299999999998903 12.3007
7.2399999999998901 12.3007
7.2499999999998899 13.2431
7.2599999999998897 13.2431
7.2699999999998894 13.2431
7.2799999999998892 13.2431
7.289999999999889 13.2431
7.2999999999998888 13.2431
7.3099999999998886 13.2431
7.3199999999998884 13.2431
7.3299999999998882 13.2431
7.3399999999998879 13.2431
7.3499999999998877 13.2431
7.3599999999998875 13.2431
7.3699999999998873 13.2431
7.3799999999998871 13.2431
7.3899999999998869 14.1933
7.3999999999998867 14.1933
7.4099999999998865 14.1933
7.4199999999998862 14.1933
7.429999999999886 14.1933
7.4399999999998858 14.1933
7.4499999999998856 14.1933
7.4599999999998854 14.1933
7.4699999999998852 14.1933
7.479999999999885 14.1933
7.4899999999998847 14.1933
7.4999999999998845 14.1933
7.5099999999998843 14.1933
7.5199999999998841 14.1933
7.5299999999998839 14.1933
7.5399999999998837 14.95
7.5499999999998835 14.95
7.5599999999998833 14.95
7.569999999999883 14.95
7.5799999999998828 14.95
7.5899999999998826 14.95
7.5999999999998824 14.95
7.6099999999998822 14.95
7.619999999999882 14.95
7.6299999999998818 14.95
7.6399999999998816 14.95
7.6499999999998813 14.95
7.6599999999998811 14.95
7.6699999999998809 7.47499
7.6799999999998807 7.47499
7.6899999999998805 7.47499
7.6999999999998803 7.47499
7.7099999999998801 7.47499
7.7199999999998798 7.47499
7.7299999999998796 7.47499
7.7399999999998794 7.47499
7.7499999999998792 7.47499
7.759999999999879 7.47499
7.7699999999998788 7.47499
7.7799999999998786 7.60877
7.7899999999998784 7.60877
7.7999999999998781 7.60877
7.8099999999998779 7.60877
7.8199999999998777 7.60877
7.8299999999998775 7.60877
7.8399999999998773 7.60877
7.8499999999998771 7.60877
7.8599999999998769 7.60877
7.8699999999998766 7.60877
7.8799999999998764 7.60877
7.8899999999998762 7.60877
7.899999999999876 7.60877
7.9099999999998758 7.60877
7.9199999999998756 7.60877
7.9299999999998754 7.60877
7.9399999999998752 7.60877
7.9499999999998749 7.60877
7.9599999999998747 7.60877
7.9699999999998745 7.60877
7.9799999999998743 1
7.9899999999998741 1
7.9999999999998739 1
8.0099999999998737 1
8.0199999999998735 1
8.0299999999998732 1
8.039999999999873 1
8.0499999999998728 1
8.0599999999998726 1
8.0699999999998724 1
8.0799999999998722 1
8.089999999999872 1
8.0999999999998717 2
8.1099999999998715 2
8.1199999999998713 2
8.1299999999998711 2
8.1399999999998709 2
8.1499999999998707 2
8.1599999999998705 2
8.1699999999998703 2
8.17999999999987 2
8.1899999999998698 2
8.1999999999998696 2
8.2099999999998694 2
8.2199999999998692 3.33333
8.229999999999869 3.33333
8.2399999999998688 3.33333
8.2499999999998685 3.33333
8.2599999999998683 3.33333
8.2699999999998681 3.33333
8.2799999999998679 3.33333
8.2899999999998677 3.33333
8.2999999999998675 3.33333
8.3099999999998673 3.33333
8.3199999999998671 3.33333
8.3299999999998668 4.16441
8.3399999999998666 4.16441
8.3499999999998664 4.16441
8.3599999999998662 4.16441
8.369999999999866 4.16441
8.3799999999998658 4.16441
8.3899999999998656 4.16441
8.3999999999998654 4.16441
8.4099999999998651 4.16441
8.4199999999998649 4.16441
8.4299999999998647 4.16441
8.4399999999998645 4.16441
8.4499999999998643 5.05378
8.4599999999998641 5.05378
8.4699999999998639 5.05378
8.4799999999998636 5.05378
8.4899999999998634 5.05378
8.4999999999998632 5.05378
8.509999999999863 5.05378
8.5199999999998628 5.05378
8.5299999999998626 5.05378
8.5399999999998624 5.05378
8.5499999999998622 5.05378
8.5599999999998619 5.25165
8.5699999999998617 5.97588
8.5799999999998615 5.97588
8.5899999999998613 5.97588
8.5999999999998611 5.97588
8.6099999999998609 5.97588
8.6199999999998607 5.97588
8.6299999999998604 5.97588
8.6399999999998602 5.97588
8.64999999999986 5.97588
8.6599999999998598 5.97588
8.6699999999998596 5.97588
8.6799999999998594 5.97588
8.6899999999998592 6.77034
8.699999999999859 6.77034
8.7099999999998587 6.77034
8.7199999999998585 6.77034
8.7299999999998583 6.77034
8.7399999999998581 6.77034
8.7499999999998579 6.77034
8.7599999999998577 6.77034
8.7699999999998575 6.77034
8.7799999999998573 6.77034
8.789999999999857 6.77034
8.7999999999998568 6.77034
8.8099999999998566 7.61288
8.8199999999998564 7.61288
8.8299999999998562 7.61288
8.839999999999856 7.61288
8.8499999999998558 7.61288
8.8599999999998555 7.61288
8.8699999999998553 7.61288
8.8799999999998551 7.61288
8.8899999999998549 7.61288
8.8999999999998547 7.61288
8.9099999999998545 7.61288
8.9199999999998543 7.61288
8.9299999999998541 7.61288
8.9399999999998538 8.48916
8.9499999999998536 8.48916
8.9599999999998534 8.48916
8.9699999999998532 8.48916
8.979999999999853 8.48916
8.9899999999998528 8.48916
8.9999999999998526 8.48916
9.0099999999998523 8.48916
9.0199999999998521 8.48916
9.0299999999998519 8.48916
9.0399999999998517 8.48916
9.0499999999998515 8.48916
9.0599999999998513 8.48916
9.0699999999998511 8.48916
9.0799999999998509 9.38974
9.0899999999998506 9.38974
9.0999999999998504 9.38974
9.1099999999998502 9.38974
9.11999999999985 9.38974
9.1299999999998498 9.38974
9.1399999999998496 9.38974
9.1499999999998494 9.38974
9.1599999999998492 9.38974
9.1699999999998489 9.38974
9.1799999999998487 9.38974
9.1899999999998485 9.38974
9.1999999999998483 9.38974
9.2099999999998481 9.38974
9.2199999999998479 9.38974
9.2299999999998477 10.3083
9.2399999999998474 10.3083
9.2499999999998472 10.3083
9.259999999999847 10.3083
9.2699999999998468 10.3083
9.2799999999998466 10.3083
9.2899999999998464 10.3083
9.2999999999998462 10.3083
9.309999999999846 10.3083
9.3199999999998457 10.3083
9.3299999999998455 10.3083
9.3399999999998453 10.3083
9.3499999999998451 10.3083
9.3599999999998449 10.3083
9.3699999999998447 5.34551
9.3799999999998445 5.34551
9.3899999999998442 5.34551
9.399999999999844 5.34551
9.4099999999998438 5.34551
9.4199999999998436 5.34551
9.4299999999998434 5.34551
9.4399999999998432 5.34551
9.449999999999843 5.34551
9.4599999999998428 5.34551
9.4699999999998425 5.34551
9.4799999999998423 5.34551
9.4899999999998421 5.53258
9.4999999999998419 5.53258
9.5099999999998417 5.53258
9.5199999999998415 5.53258
9.5299999999998413 5.53258
9.5399999999998411 5.53258
9.5499999999998408 5.53258
9.5599999999998406 5.53258
9.5699999999998404 5.53258
9.5799999999998402 5.53258
9.58999999999984 5.53258
9.5999999999998398 6.38394
9.6099999999998396 6.38394
9.6199999999998393 6.38394
9.6299999999998391 6.38394
9.6399999999998389 6.38394
9.6499999999998387 6.38394
9.6599999999998385 6.38394
9.6699999999998383 6.38394
9.6799999999998381 6.38394
9.6899999999998379 6.38394
9.6999999999998376 6.38394
9.7099999999998374 6.38394
9.7199999999998372 7.2723
9.729999999999837 7.2723
9.7399999999998368 7.2723
9.7499999999998366 7.2723
9.7599999999998364 7.2723
9.7699999999998361 7.2723
9.7799999999998359 7.2723
9.7899999999998357 7.2723
9.7999999999998355 7.2723
9.8099999999998353 7.2723
9.8199999999998351 7.2723
9.8299999999998349 8.1857
9.8399999999998347 8.1857
9.8499999999998344 8.1857
9.8599999999998342 8.1857
9.869999999999834 8.1857
9.8799999999998338 8.1857
9.8899999999998336 8.1857
9.8999999999998334 8.1857
9.9099999999998332 8.1857
9.919999999999833 8.1857
9.9299999999998327 8.1857
9.9399999999998325 8.1857
9.9499999999998323 9.1167
9.9599999999998321 9.1167
9.9699999999998319 9.1167
9.9799999999998317 9.1167
9.9899999999998315 9.1167
9.9999999999998312 9.1167
10.009999999999831 9.1167
10.019999999999831 9.1167
10.029999999999831 9.1167
10.03999999999983 9.1167
10.04999999999983 9.1167
10.05999999999983 9.54781
10.06999999999983 10.0605
10.07999999999983 10.0605
10.089999999999829 10.0605
10.099999999999829 10.0605
10.109999999999829 10.0605
10.119999999999829 10.0605
10.129999999999828 10.0605
10.139999999999828 10.0605
10.149999999999828 10.0605
10.159999999999828 10.0605
10.169999999999828 10.0605
10.179999999999827 11.0138
10.189999999999827 11.0138
10.199999999999827 11.0138
10.209999999999827 11.0138
10.219999999999827 11.0138
10.229999999999826 11.0138
10.239999999999826 11.0138
10.249999999999826 11.0138
10.259999999999826 11.0138
10.269999999999825 11.0138
10.279999999999825 11.0138
10.289999999999825 11.3726
10.299999999999825 11.9745
10.309999999999825 11.9745
10.319999999999824 11.9745
10.329999999999824 11.9745
10.339999999999824 11.9745
10.349999999999824 11.9745
10.359999999999824 11.9745
10.369999999999823 11.9745
10.379999999999823 11.9745
10.389999999999823 11.9745
10.399999999999823 11.9745
10.409999999999823 12.3051
10.419999999999822 12.8631
10.429999999999822 12.8631
10.439999999999822 12.8631
10.449999999999822 12.8631
10.459999999999821 12.8631
10.469999999999821 12.8631
10.479999999999821 12.8631
10.489999999999821 12.8631
10.499999999999821 12.8631
10.50999999999982 12.8631
10.51999999999982 12.8631
10.52999999999982 13.0181
10.53999999999982 13.7669
10.54999999999982 13.7669
10.559999999999819 13.7669
10.569999999999819 13.7669
10.579999999999819 13.7669
10.589999999999819 13.7669
10.599999999999818 13.7669
10.609999999999818 13.7669
10.619999999999818 13.7669
10.629999999999818 13.7669
10.639999999999818 13.7669
10.649999999999817 13.7669
10.659999999999817 14.1971
10.669999999999817 14.6831
10.679999999999817 14.6831
10.689999999999817 14.6831
10.699999999999816 14.6831
10.709999999999816 14.6831
10.719999999999816 14.6831
10.729999999999816 14.6831
10.739999999999815 14.6831
10.749999999999815 14.6831
10.759999999999815 14.6831
10.769999999999815 14.6831
10.779999999999815 14.6831
10.789999999999814 14.7512
10.799999999999814 15.6094
10.809999999999814 15.6094
10.819999999999814 15.6094
10.829999999999814 15.6094
10.839999999999813 15.6094
10.849999999999813 15.6094
10.859999999999813 15.6094
10.869999999999813 15.6094
10.879999999999812 15.6094
10.889999999999812 15.6094
10.899999999999812 15.6094
10.909999999999812 15.6094
10.919999999999812 15.6094
10.929999999999811 15.6094
10.939999999999811 16.1148
10.949999999999811 8.11932
10.959999999999811 8.11932
10.969999999999811 8.11932
10.97999999999981 8.11932
10.98999999999981 8.11932
10.99999999999981 8.11932
11.00999999999981 8.11932
11.01999999999981 8.11932
11.029999999999809 8.11932
11.039999999999809 8.11932
11.049999999999809 8.11932
11.059999999999809 8.11932
11.069999999999808 8.11932
11.079999999999808 8.11932
11.089999999999808 8.11932
11.099999999999808 8.24248
11.109999999999808 8.24248
11.119999999999807 8.24248
11.129999999999807 8.24248
11.139999999999807 8.24248
11.149999999999807 8.24248
11.159999999999807 8.24248
11.169999999999806 8.24248
11.179999999999806 8.24248
11.189999999999806 8.24248
11.199999999999806 8.24248
11.209999999999805 8.24248
11.219999999999805 8.24248
11.229999999999805 8.24248
11.239999999999805 8.24248
11.249999999999805 8.24248
11.259999999999804 8.24248
11.269999999999804 8.24248
11.279999999999804 8.24248
11.289999999999804 8.24248
11.299999999999804 1
11.309999999999803 1
11.319999999999803 1
11.329999999999803 1
11.339999999999803 1
11.349999999999802 1
11.359999999999802 1
11.369999999999802 1
11.379999999999802 1
11.389999999999802 1
11.399999999999801 1
11.409999999999801 2
11.419999999999801 2
11.429999999999801 2
11.439999999999801 2
11.4499999999998 2
11.4599999999998 2
11.4699999999998 2
11.4799999999998 2
11.489999999999799 2
11.499999999999799 2
11.509999999999799 2
11.519999999999799 2
11.529999999999799 4
11.539999999999798 4
11.549999999999798 4
11.559999999999798 4
11.569999999999798 4
11.579999999999798 4
11.589999999999797 4
11.599999999999797 4
11.609999999999797 4
11.619999999999797 4
11.629999999999797 4
11.639999999999796 4.92064
11.649999999999796 4.92064
11.659999999999796 4.92064
11.669999999999796 4.92064
11.679999999999795 4.92064
11.689999999999795 4.92064
11.699999999999795 4.92064
11.709999999999795 4.92064
11.719999999999795 4.92064
11.729999999999794 4.92064
11.739999999999794 4.92064
11.749999999999794 4.92064
11.759999999999794 5.68862
11.769999999999794 5.68862
11.779999999999793 5.68862
11.789999999999793 5.68862
11.799999999999793 5.68862
11.809999999999793 5.68862
11.819999999999792 5.68862
11.829999999999792 5.68862
11.839999999999792 5.68862
11.849999999999792 5.68862
11.859999999999792 5.68862
11.869999999999791 6.20063
11.879999999999791 6.51909
11.889999999999791 6.51909
11.899999999999791 6.51909
11.909999999999791 6.51909
11.91999999999979 6.51909
11.92999999999979 6.51909
11.93999999999979 6.51909
11.94999999999979 6.51909
11.959999999999789 6.51909
11.969999999999789 6.51909
11.979999999999789 6.51909
11.989999999999789 7.3909
11.999999999999789 7.3909
12.009999999999788 7.3909
12.019999999999788 7.3909
12.029999999999788 7.3909
12.039999999999788 7.3909
12.049999999999788 7.3909
12.059999999999787 7.3909
12.069999999999787 7.3909
12.079999999999787 7.3909
12.089999999999787 7.3909
12.099999999999786 7.3909
12.109999999999786 8.29104
12.119999999999786 8.29104
12.129999999999786 8.29104
12.139999999999786 8.29104
12.149999999999785 8.29104
12.159999999999785 8.29104
12.169999999999785 8.29104
12.179999999999785 8.29104
12.189999999999785 8.29104
12.199999999999784 8.29104
12.209999999999784 8.29104
12.219999999999784 9.21125
12.229999999999784 9.21125
12.239999999999783 9.21125
12.249999999999783 9.21125
12.259999999999783 9.21125
12.269999999999783 9.21125
12.279999999999783 9.21125
12.289999999999782 9.21125
12.299999999999782 9.21125
12.309999999999782 9.21125
12.319999999999782 9.21125
12.329999999999782 9.21125
12.339999999999781 9.21125
12.349999999999781 10.1462
12.359999999999781 10.1462
12.369999999999781 10.1462
12.379999999999781 10.1462
12.38999999999978 10.1462
12.39999999999978 10.1462
12.40999999999978 10.1462
12.41999999999978 10.1462
12.429999999999779 10.1462
12.439999999999779 10.1462
12.449999999999779 10.1462
12.459999999999779 10.1462
12.469999999999779 10.1462
12.479999999999778 10.1462
12.489999999999778 11.0921
12.499999999999778 11.0921
12.509999999999778 11.0921
12.519999999999778 11.0921
12.529999999999777 11.0921
12.539999999999777 11.0921
12.549999999999777 11.0921
12.559999999999777 11.0921
12.569999999999776 11.0921
12.579999999999776 11.0921
12.589999999999776 11.0921
12.599999999999776 11.0921
12.609999999999776 11.0921
12.619999999999775 11.0921
12.629999999999775 11.0921
12.639999999999775 5.59111
12.649999999999775 5.59111
12.659999999999775 5.59111
12.669999999999774 5.59111
12.679999999999774 5.59111
12.689999999999774 5.59111
12.699999999999774 5.59111
12.709999999999773 5.59111
12.719999999999773 5.59111
12.729999999999773 5.59111
12.739999999999773 5.59111
12.749999999999773 5.59111
12.759999999999772 5.59111
12.769999999999772 5.76997
12.779999999999772 5.76997
12.789999999999772 5.76997
12.799999999999772 5.76997
12.809999999999771 5.76997
12.819999999999771 5.76997
12.829999999999771 5.76997
12.839999999999771 5.76997
12.84999999999977 5.76997
12.85999999999977 5.76997
12.86999999999977 5.76997
12.87999999999977 5.76997
12.88999999999977 5.76997
12.899999999999769 5.76997
12.909999999999769 5.76997
12.919999999999769 5.76997
12.929999999999769 5.76997
12.939999999999769 5.76997
12.949999999999768 5.76997
12.959999999999768 5.76997
12.969999999999768 1
12.979999999999768 1
12.989999999999768 1
12.999999999999767 1
13.009999999999767 1
13.019999999999767 1
13.029999999999767 1
13.039999999999766 1
13.049999999999766 1
13.059999999999766 1
13.069999999999766 1
13.079999999999766 1
13.089999999999765 2
13.099999999999765 2
13.109999999999765 2
13.119999999999765 2
13.129999999999765 2
13.139999999999764 2
13.149999999999764 2
13.159999999999764 2
13.169999999999764 2
13.179999999999763 2
13.189999999999763 2
13.199999999999763 2
13.209999999999763 2.9
13.219999999999763 2.9
13.229999999999762 2.9
13.239999999999762 3.24483
13.249999999999762 3.24483
13.259999999999762 3.24483
13.269999999999762 3.24483
13.279999999999761 3.24483
13.289999999999761 3.24483
13.299999999999761 3.24483
13.309999999999761 3.24483
13.31999999999976 3.55301
13.32999999999976 3.55301
13.33999999999976 3.55301
13.34999999999976 4.09525
13.35999999999976 4.09525
13.369999999999759 4.09525
13.379999999999759 4.09525
13.389999999999759 4.09525
13.399999999999759 4.09525
13.409999999999759 4.09525
13.419999999999758 4.09525
13.429999999999758 4.09525
13.439999999999758 4.33944
13.449999999999758 4.33944
13.459999999999757 4.33944
13.469999999999757 4.99753
13.479999999999757 4.99753
13.489999999999757 4.99753
13.499999999999757 4.99753
13.509999999999756 4.99753
13.519999999999756 4.99753
13.529999999999756 4.99753
13.539999999999756 4.99753
13.549999999999756 4.99753
13.559999999999755 5.19763
13.569999999999755 5.19763
13.579999999999755 5.19763
13.589999999999755 5.75491
13.599999999999755 5.75491
13.609999999999754 5.75491
13.619999999999754 5.75491
13.629999999999754 5.75491
13.639999999999754 5.75491
13.649999999999753 5.75491
13.659999999999753 5.75491
13.669999999999753 5.75491
13.679999999999753 6.09735
13.689999999999753 6.09735
13.699999999999752 6.09735
13.709999999999752 6.5768
13.719999999999752 6.5768
13.729999999999752 6.5768
13.739999999999752 6.5768
13.749999999999751 6.5768
13.759999999999751 6.5768
13.769999999999751 6.5768
13.779999999999751 6.5768
13.78999999999975 6.5768
13.79999999999975 7.02286
13.80999999999975 7.02286
13.81999999999975 7.02286
13.82999999999975 7.02286
13.839999999999749 7.44171
13.849999999999749 7.44171
13.859999999999749 7.44171
13.869999999999749 7.44171
13.879999999999749 7.44171
13.889999999999748 7.44171
13.899999999999748 7.44171
13.909999999999748 7.44171
13.919999999999748 7.44171
13.929999999999747 7.96541
13.939999999999747 7.96541
13.949999999999747 7.96541
13.959999999999747 7.96541
13.969999999999747 8.33628
13.979999999999746 8.33628
13.989999999999746 8.33628
13.999999999999746 8.33628
14.009999999999746 8.33628
14.019999999999746 8.33628
14.029999999999745 8.33628
14.039999999999745 8.33628
14.049999999999745 8.33628
14.059999999999745 8.33628
14.069999999999744 8.69112
14.079999999999744 8.80618
14.089999999999744 8.80618
14.099999999999744 8.80618
14.109999999999744 8.80618
14.119999999999743 9.25194
14.129999999999743 9.25194
14.139999999999743 9.25194
14.149999999999743 9.25194
14.159999999999743 9.25194
14.169999999999742 9.25194
14.179999999999742 9.25194
14.189999999999742 9.25194
14.199999999999742 9.25194
14.209999999999742 9.25194
14.219999999999741 9.67696
14.229999999999741 9.67696
14.239999999999741 9.67696
14.249999999999741 9.67696
14.25999999999974 4.83848
14.26999999999974 4.83848
14.27999999999974 4.83848
14.28999999999974 4.83848
14.29999999999974 4.83848
14.309999999999739 4.83848
14.319999999999739 4.83848
14.329999999999739 4.83848
14.339999999999739 4.83848
14.349999999999739 4.83848
14.359999999999738 4.83848
14.369999999999738 4.83848
14.379999999999738 5.04516
14.389999999999738 5.04516
14.399999999999737 5.04516
14.409999999999737 5.04516
14.419999999999737 5.04516
14.429999999999737 5.04516
14.439999999999737 5.04516
14.449999999999736 5.04516
14.459999999999736 5.24337
14.469999999999736 5.24337
14.479999999999736 5.24337
14.489999999999736 5.24337
14.499999999999735 5.96863
14.509999999999735 5.96863
14.519999999999735 5.96863
14.529999999999735 5.96863
14.539999999999734 5.96863
14.549999999999734 5.96863
14.559999999999734 5.96863
14.569999999999734 5.96863
14.579999999999734 6.13618
14.589999999999733 6.13618
14.599999999999733 6.13618
14.609999999999733 6.76397
14.619999999999733 6.76397
14.629999999999733 6.76397
14.639999999999732 6.76397
14.649999999999732 6.76397
14.659999999999732 6.76397
14.669999999999732 6.76397
14.679999999999731 6.76397
14.689999999999731 6.76397
14.699999999999731 7.05649
14.709999999999731 7.05649
14.719999999999731 7.05649
14.72999999999973 7.60723
14.73999999999973 7.60723
14.74999999999973 7.60723
14.75999999999973 7.60723
14.76999999999973 7.60723
14.779999999999729 7.60723
14.789999999999729 7.60723
14.799999999999729 7.60723
14.809999999999729 7.995
14.819999999999729 7.995
14.829999999999728 7.995
14.839999999999728 7.995
14.849999999999728 8.4841
14.859999999999728 8.4841
14.869999999999727 8.4841
14.879999999999727 8.4841
14.889999999999727 8.4841
14.899999999999727 8.4841
14.909999999999727 8.4841
14.919999999999726 8.4841
14.929999999999726 8.83292
14.939999999999726 8.83292
14.949999999999726 8.83292
14.959999999999726 9.27738
14.969999999999725 9.38517
14.979999999999725 9.38517
14.989999999999725 9.38517
14.999999999999725 9.38517
15.009999999999724 9.38517
15.019999999999724 9.38517
15.029999999999724 9.38517
15.039999999999724 9.70128
15.049999999999724 9.70128
15.059999999999723 9.70128
15.069999999999723 9.70128
15.079999999999723 10.3041
15.089999999999723 10.3041
15.099999999999723 10.3041
15.109999999999722 10.3041
15.119999999999722 10.3041
15.129999999999722 10.3041
15.139999999999722 10.3041
15.149999999999721 10.3041
15.159999999999721 10.5926
15.169999999999721 10.5926
15.179999999999721 10.5926
15.189999999999721 10.5926
15.19999999999972 11.2367
15.20999999999972 11.2367
15.21999999999972 11.2367
15.22999999999972 11.2367
15.23999999999972 11.2367
15.249999999999719 11.2367
15.259999999999719 11.2367
15.269999999999719 11.5016
15.279999999999719 11.5016
15.289999999999718 11.5016
15.299999999999718 11.5016
15.309999999999718 11.5016
15.319999999999718 12.1796
15.329999999999718 12.1796
15.339999999999717 12.1796
15.349999999999717 12.1796
15.359999999999717 12.1796
15.369999999999717 12.1796
15.379999999999717 12.1796
15.389999999999716 12.1796
15.399999999999716 12.4243
15.409999999999716 12.4243
15.419999999999716 12.4243
15.429999999999715 12.4243
15.439999999999715 12.4243
15.449999999999715 13.1308
15.459999999999715 13.1308
15.469999999999715 13.1308
15.479999999999714 13.1308
15.489999999999714 13.1308
15.499999999999714 13.1308
15.509999999999714 13.1308
15.519999999999714 13.1308
15.529999999999713 13.358
15.539999999999713 13.358
15.549999999999713 13.358
15.559999999999713 13.358
15.569999999999713 13.358
15.579999999999712 13.358
15.589999999999712 14.0886
15.599999999999712 14.0886
15.609999999999712 14.0886
15.619999999999711 14.0886
15.629999999999711 14.0886
15.639999999999711 14.0886
15.649999999999711 14.0886
15.659999999999711 14.0886
15.66999999999971 14.0886
15.67999999999971 14.3005
15.68999999999971 14.3005
15.69999999999971 14.3005
15.70999999999971 14.3005
15.719999999999709 14.3005
15.729999999999709 14.44
15.739999999999709 14.8507
15.749999999999709 14.8507
15.759999999999708 14.8507
15.769999999999708 14.8507
15.779999999999708 14.8507
15.789999999999708 14.8507
15.799999999999708 14.8507
15.809999999999707 14.8507
15.819999999999707 7.42533
15.829999999999707 7.42533
15.839999999999707 7.42533
15.849999999999707 7.42533
15.859999999999706 7.42533
15.869999999999706 7.42533
15.879999999999706 7.42533
15.889999999999706 7.42533
15.899999999999705 7.42533
15.909999999999705 7.42533
15.919999999999705 7.42533
15.929999999999705 7.42533
15.939999999999705 7.56
15.949999999999704 7.56
15.959999999999704 7.56
15.969999999999704 7.56
15.979999999999704 7.56
15.989999999999704 7.56
15.999999999999703 7.56
16.009999999999703 7.56
16.019999999999705 7.56
16.029999999999706 7.56
16.039999999999708 7.56
16.049999999999709 7.56
16.059999999999711 7.56
16.069999999999713 7.56
16.079999999999714 7.56
16.089999999999716 7.56
16.099999999999717 7.56
16.109999999999719 7.56
16.11999999999972 7.56
16.129999999999722 7.56
16.139999999999723 1
16.149999999999725 1
16.159999999999727 1
16.169999999999728 1
16.17999999999973 1
16.189999999999731 1
16.199999999999733 1
16.209999999999734 1
16.219999999999736 1
16.229999999999738 1
16.239999999999739 1
16.249999999999741 2
16.259999999999742 2
16.269999999999744 2
16.279999999999745 2
16.289999999999747 2
16.299999999999748 2
16.30999999999975 2
16.319999999999752 2
16.329999999999753 2
16.339999999999755 2
16.349999999999756 2
16.359999999999758 2
16.369999999999759 3.33333
16.379999999999761 3.33333
16.389999999999763 3.33333
16.399999999999764 3.33333
16.409999999999766 3.33333
16.419999999999767 3.33333
16.429999999999769 3.33333
16.43999999999977 3.33333
16.449999999999772 3.33333
16.459999999999773 3.33333
16.469999999999775 3.33333
16.479999999999777 3.33333
16.489999999999778 4.16441
16.49999999999978 4.16441
16.509999999999781 4.16441
16.519999999999783 4.16441
16.529999999999784 4.16441
16.539999999999786 4.16441
16.549999999999788 4.16441
16.559999999999789 4.16441
16.569999999999791 4.16441
16.579999999999792 4.16441
16.589999999999794 4.16441
16.599999999999795 4.40454
16.609999999999797 5.05378
16.619999999999798 5.05378
16.6299999999998 5.05378
16.639999999999802 5.05378
16.649999999999803 5.05378
16.659999999999805 5.05378
16.669999999999806 5.05378
16.679999999999808 5.05378
16.689999999999809 5.05378
16.699999999999811 5.05378
16.709999999999813 5.05378
16.719999999999814 5.80357
16.729999999999816 5.97588
16.739999999999817 5.97588
16.749999999999819 5.97588
16.75999999999982 5.97588
16.769999999999822 5.97588
16.779999999999824 5.97588
16.789999999999825 5.97588
16.799999999999827 5.97588
16.809999999999828 5.97588
16.81999999999983 5.97588
16.829999999999831 5.97588
16.839999999999833 6.46458
16.849999999999834 6.77034
16.859999999999836 6.77034
16.869999999999838 6.77034
16.879999999999839 6.77034
16.889999999999841 6.77034
16.899999999999842 6.77034
16.909999999999844 6.77034
16.919999999999845 6.77034
16.929999999999847 6.77034
16.939999999999849 6.77034
16.94999999999985 6.77034
16.959999999999852 6.77034
16.969999999999853 7.61288
16.979999999999855 7.61288
16.989999999999856 7.61288
16.999999999999858 7.61288
17.009999999999859 7.61288
17.019999999999861 7.61288
17.029999999999863 7.61288
17.039999999999864 7.61288
17.049999999999866 7.61288
17.059999999999867 7.61288
17.069999999999869 7.61288
17.07999999999987 7.61288
17.089999999999872 7.61288
17.099999999999874 7.61288
17.109999999999875 8.48916
17.119999999999877 8.48916
17.129999999999878 8.48916
17.13999999999988 8.48916
17.149999999999881 8.48916
17.159999999999883 8.48916
17.169999999999884 8.48916
17.179999999999886 8.48916
17.189999999999888 8.48916
17.199999999999889 8.48916
17.209999999999891 8.48916
17.219999999999892 8.48916
17.229999999999894 8.48916
17.239999999999895 8.48916
17.249999999999897 8.48916
17.259999999999899 9.06265
17.2699999999999 9.06265
17.279999999999902 9.06265
17.289999999999903 9.06265
17.299999999999905 9.06265
17.309999999999906 9.06265
17.319999999999908 9.06265
17.329999999999909 9.06265
17.339999999999911 9.06265
17.349999999999913 9.06265
17.359999999999914 9.06265
17.369999999999916 9.06265
17.379999999999917 9.06265
17.389999999999919 9.06265
17.39999999999992 4.53132
17.409999999999922 4.53132
17.419999999999924 4.53132
17.429999999999925 4.53132
17.439999999999927 4.53132
17.449999999999928 4.53132
17.45999999999993 4.53132
17.469999999999931 4.53132
17.479999999999933 4.53132
17.489999999999934 4.53132
17.499999999999936 4.53132
17.509999999999938 4.75201
17.519999999999939 5.35761
17.529999999999941 5.35761
17.539999999999942 5.35761
17.549999999999944 5.35761
17.559999999999945 5.35761
17.569999999999947 5.35761
17.579999999999949 5.35761
17.58999999999995 5.35761
17.599999999999952 5.35761
17.609999999999953 5.35761
17.619999999999955 5.35761
17.629999999999956 6.2336
17.639999999999958 6.2336
17.649999999999959 6.2336
17.659999999999961 6.2336
17.669999999999963 6.2336
17.679999999999964 6.2336
17.689999999999966 6.2336
17.699999999999967 6.2336
17.709999999999969 6.2336
17.71999999999997 6.2336
17.729999999999972 6.2336
17.739999999999974 6.2336
17.749999999999975 7.1411
17.759999999999977 7.1411
17.769999999999978 7.1411
17.77999999999998 7.1411
17.789999999999981 7.1411
17.799999999999983 7.1411
17.809999999999985 7.1411
17.819999999999986 7.1411
17.829999999999988 7.1411
17.839999999999989 7.1411
17.849999999999991 7.1411
17.859999999999992 7.81578
17.869999999999994 8.06961
17.879999999999995 8.06961
17.889999999999997 8.06961
17.899999999999999 8.06961
17.91 8.06961
17.920000000000002 8.06961
17.930000000000003 8.06961
17.940000000000005 8.06961
17.950000000000006 8.06961
17.960000000000008 8.06961
17.97000000000001 8.06961
17.980000000000011 9.01276
17.990000000000013 9.01276
18.000000000000014 9.01276
18.010000000000016 9.01276
18.020000000000017 9.01276
18.030000000000019 9.01276
18.04000000000002 9.01276
18.050000000000022 9.01276
18.060000000000024 9.01276
18.070000000000025 9.01276
18.080000000000027 9.01276
18.090000000000028 9.23332
18.10000000000003 9.96649
18.110000000000031 9.96649
18.120000000000033 9.96649
18.130000000000035 9.96649
18.140000000000036 9.96649
18.150000000000038 9.96649
18.160000000000039 9.96649
18.170000000000041 9.96649
18.180000000000042 9.96649
18.190000000000044 9.96649
18.200000000000045 9.96649
18.210000000000047 10.8358
18.220000000000049 10.8358
18.23000000000005 10.8358
18.240000000000052 10.8358
18.250000000000053 10.8358
18.260000000000055 10.8358
18.270000000000056 10.8358
18.280000000000058 10.8358
18.29000000000006 10.8358
18.300000000000061 10.8358
18.310000000000063 10.8358
18.320000000000064 10.8358
18.330000000000066 11.7258
18.340000000000067 11.7258
18.350000000000069 11.7258
18.36000000000007 11.7258
18.370000000000072 11.7258
18.380000000000074 11.7258
18.390000000000075 11.7258
18.400000000000077 11.7258
18.410000000000078 11.7258
18.42000000000008 11.7258
18.430000000000081 11.7258
18.440000000000083 11.7258
18.450000000000085 12.6321
18.460000000000086 12.6321
18.470000000000088 12.6321
18.480000000000089 12.6321
18.490000000000091 12.6321
18.500000000000092 12.6321
18.510000000000094 12.6321
18.520000000000095 12.6321
18.530000000000097 12.6321
18.540000000000099 12.6321
18.5500000000001 12.6321
18.560000000000102 12.6321
18.570000000000103 13.5514
18.580000000000105 13.5514
18.590000000000106 13.5514
18.600000000000108 13.5514
18.61000000000011 13.5514
18.620000000000111 13.5514
18.630000000000113 13.5514
18.640000000000114 13.5514
18.650000000000116 13.5514
18.660000000000117 13.5514
18.670000000000119 13.5514
18.680000000000121 13.5514
18.690000000000122 14.4812
18.700000000000124 14.4812
18.710000000000125 14.4812
18.720000000000127 14.4812
18.730000000000128 14.4812
18.74000000000013 14.4812
18.750000000000131 14.4812
18.760000000000133 14.4812
18.770000000000135 14.4812
18.780000000000136 14.4812
18.790000000000138 14.4812
18.800000000000139 14.4812
18.810000000000141 15.4198
18.820000000000142 15.4198
18.830000000000144 15.4198
18.840000000000146 15.4198
18.850000000000147 15.4198
18.860000000000149 15.4198
18.87000000000015 15.4198
18.880000000000152 15.4198
18.890000000000153 15.4198
18.900000000000155 15.4198
18.910000000000156 15.4198
18.920000000000158 15.4198
18.93000000000016 15.4198
18.940000000000161 15.7413
18.950000000000163 16.3655
18.960000000000164 16.3655
18.970000000000166 16.3655
18.980000000000167 16.3655
18.990000000000169 16.3655
19.000000000000171 16.3655
19.010000000000172 16.3655
19.020000000000174 16.3655
19.030000000000175 16.3655
19.040000000000177 16.3655
19.050000000000178 16.3655
19.06000000000018 16.3655
19.070000000000181 16.3655
19.080000000000183 16.3655
19.090000000000185 17.2593
19.100000000000186 17.3172
19.110000000000188 17.3172
19.120000000000189 17.3172
19.130000000000191 17.3172
19.140000000000192 17.3172
19.150000000000194 17.3172
19.160000000000196 17.3172
19.170000000000197 17.3172
19.180000000000199 17.3172
19.1900000000002 17.3172
19.200000000000202 17.3172
19.210000000000203 17.3172
19.220000000000205 17.3172
19.230000000000206 17.3172
19.240000000000208 8.80201
19.25000000000021 8.80201
19.260000000000211 8.80201
19.270000000000213 8.80201
19.280000000000214 8.80201
19.290000000000216 8.80201
19.300000000000217 8.80201
19.310000000000219 8.80201
19.320000000000221 8.80201
19.330000000000222 8.80201
19.340000000000224 8.80201
19.350000000000225 8.80201
19.360000000000227 8.91562
19.370000000000228 8.91562
19.38000000000023 8.91562
19.390000000000231 8.91562
19.400000000000233 8.91562
19.410000000000235 8.91562
19.420000000000236 8.91562
19.430000000000238 8.91562
19.440000000000239 8.91562
19.450000000000241 8.91562
19.460000000000242 8.91562
19.470000000000244 8.91562
19.480000000000246 8.91562
19.490000000000247 8.91562
19.500000000000249 8.91562
19.51000000000025 8.91562
19.520000000000252 8.91562
19.530000000000253 8.91562
19.540000000000255 8.91562
19.550000000000257 8.91562
19.560000000000258 1
19.57000000000026 1
19.580000000000261 1
19.590000000000263 1
19.600000000000264 1
19.610000000000266 1
19.620000000000267 1
19.630000000000269 1
19.640000000000271 1
19.650000000000272 1
19.660000000000274 1
19.670000000000275 2
19.680000000000277 2
19.690000000000278 2
19.70000000000028 2
19.710000000000282 2
19.720000000000283 2
19.730000000000285 2
19.740000000000286 2
19.750000000000288 2
19.760000000000289 2
19.770000000000291 2
19.780000000000292 2
19.790000000000294 4
19.800000000000296 4
19.810000000000297 4
19.820000000000299 4
19.8300000000003 4
19.840000000000302 4
19.850000000000303 4
19.860000000000305 4
19.870000000000307 4
19.880000000000308 4
19.89000000000031 4
19.900000000000311 4.92064
19.910000000000313 4.92064
19.920000000000314 4.92064
19.930000000000316 4.92064
19.940000000000317 4.92064
19.950000000000319 4.92064
19.960000000000321 4.92064
19.970000000000322 4.92064
19.980000000000324 4.92064
19.990000000000325 4.92064
